15 0.053711 0.591797 0.068359 0.068359
15 0.065918 0.655273 0.096680 0.062500
15 0.100098 0.708008 0.081055 0.064453
15 0.132812 0.824707 0.091797 0.079102
15 0.129883 0.966309 0.066406 0.067383
15 0.205566 0.969727 0.075195 0.060547
15 0.233398 0.930664 0.080078 0.138672
15 0.243164 0.801270 0.078125 0.098633
15 0.164062 0.590332 0.085938 0.061523
15 0.253906 0.584961 0.085938 0.064453
15 0.200684 0.534180 0.104492 0.072266
15 0.400879 0.431152 0.120117 0.083008
15 0.595703 0.462891 0.111328 0.080078
15 0.631348 0.831543 0.102539 0.086914
15 0.735840 0.940918 0.145508 0.118164
15 0.914062 0.304688 0.083984 0.105469
15 0.908203 0.399902 0.089844 0.100586
15 0.934082 0.115723 0.104492 0.096680
15 0.260742 0.172363 0.076172 0.086914
15 0.366699 0.133301 0.102539 0.131836
15 0.388184 0.211426 0.100586 0.081055
15 0.480957 0.308594 0.137695 0.085938
15 0.411133 0.348145 0.113281 0.083008
15 0.602539 0.305176 0.107422 0.081055
15 0.690430 0.354980 0.167969 0.127930
15 0.481934 0.554688 0.088867 0.070312
15 0.903320 0.802246 0.091797 0.143555
15 0.821777 0.770996 0.090820 0.104492
15 0.783203 0.843750 0.123047 0.138672
15 0.347168 0.823730 0.055664 0.079102
15 0.195312 0.653809 0.058594 0.057617
15 0.178223 0.728516 0.055664 0.058594
15 0.178223 0.202148 0.069336 0.070312
15 0.156250 0.260742 0.070312 0.066406
15 0.825684 0.080566 0.088867 0.102539
15 0.340332 0.952637 0.137695 0.094727
15 0.880859 0.663574 0.140625 0.084961
15 0.962891 0.697266 0.074219 0.066406
15 0.463867 0.922363 0.082031 0.120117
15 0.563965 0.929199 0.155273 0.141602
15 0.876953 0.924316 0.103516 0.100586
15 0.673828 0.594238 0.105469 0.098633
15 0.667969 0.499512 0.105469 0.083008
15 0.033203 0.883301 0.064453 0.090820
