15 0.202637 0.133789 0.067383 0.113281
15 0.313965 0.120117 0.055664 0.046875
15 0.509277 0.070801 0.084961 0.069336
15 0.476562 0.113281 0.115234 0.046875
15 0.563965 0.208496 0.075195 0.083008
15 0.604492 0.198730 0.103516 0.055664
15 0.642090 0.156250 0.149414 0.105469
15 0.595703 0.078125 0.095703 0.087891
15 0.407227 0.505859 0.095703 0.082031
15 0.392578 0.412109 0.089844 0.078125
15 0.567383 0.360840 0.072266 0.083008
15 0.511719 0.427734 0.085938 0.062500
15 0.800293 0.439453 0.092773 0.082031
15 0.539062 0.503418 0.082031 0.088867
15 0.568848 0.604492 0.096680 0.126953
15 0.652344 0.566406 0.082031 0.080078
15 0.590332 0.783203 0.120117 0.056641
15 0.838867 0.593750 0.119141 0.154297
15 0.807617 0.732910 0.136719 0.112305
15 0.051758 0.586914 0.095703 0.066406
15 0.747559 0.948730 0.116211 0.100586
15 0.677734 0.827637 0.074219 0.055664
15 0.698242 0.877441 0.054688 0.065430
15 0.081055 0.844238 0.060547 0.094727
15 0.186523 0.492188 0.054688 0.062500
15 0.269531 0.394043 0.097656 0.071289
15 0.132812 0.746582 0.078125 0.063477
15 0.155762 0.959473 0.090820 0.081055
15 0.144531 0.880371 0.070312 0.110352
15 0.438477 0.971680 0.083984 0.056641
15 0.565918 0.833496 0.081055 0.055664
15 0.593262 0.902832 0.122070 0.112305
15 0.906738 0.802246 0.084961 0.108398
15 0.898926 0.658203 0.069336 0.066406
15 0.097656 0.342773 0.074219 0.087891
15 0.618652 0.333496 0.061523 0.067383
15 0.503906 0.690918 0.060547 0.077148
15 0.207520 0.828613 0.081055 0.067383
15 0.745605 0.306152 0.073242 0.104492
15 0.622070 0.498047 0.140625 0.105469
15 0.381836 0.702148 0.082031 0.056641
