15 0.057617 0.140625 0.076172 0.074219
15 0.062500 0.211426 0.066406 0.059570
15 0.030273 0.467285 0.058594 0.067383
15 0.155273 0.347168 0.093750 0.055664
15 0.106934 0.442871 0.114258 0.143555
15 0.521484 0.721680 0.103516 0.091797
15 0.460449 0.809082 0.075195 0.075195
15 0.866699 0.917480 0.092773 0.139648
15 0.969727 0.864746 0.048828 0.081055
15 0.944824 0.784180 0.055664 0.078125
15 0.877930 0.597168 0.099609 0.112305
15 0.696777 0.706055 0.090820 0.115234
15 0.396973 0.920410 0.071289 0.077148
15 0.335449 0.868652 0.055664 0.067383
15 0.484863 0.140625 0.108398 0.064453
15 0.561035 0.140625 0.090820 0.105469
15 0.839844 0.063477 0.056641 0.070312
15 0.032715 0.841797 0.053711 0.068359
15 0.949707 0.333496 0.081055 0.057617
