15 0.092773 0.568848 0.121094 0.083008
15 0.045410 0.961914 0.071289 0.066406
15 0.121582 0.944824 0.053711 0.049805
15 0.245117 0.373535 0.103516 0.088867
15 0.038574 0.282227 0.075195 0.080078
15 0.186035 0.258301 0.083008 0.083008
15 0.250977 0.295410 0.072266 0.057617
15 0.132812 0.171387 0.089844 0.051758
15 0.268066 0.100586 0.081055 0.062500
15 0.344727 0.237305 0.125000 0.089844
15 0.343750 0.105957 0.080078 0.075195
15 0.418945 0.040527 0.111328 0.079102
15 0.484863 0.135742 0.086914 0.091797
15 0.543457 0.131836 0.067383 0.109375
15 0.767578 0.103516 0.101562 0.082031
15 0.666504 0.132812 0.077148 0.068359
15 0.267090 0.538086 0.108398 0.070312
15 0.515625 0.227539 0.169922 0.111328
15 0.628418 0.270020 0.071289 0.077148
15 0.761719 0.194336 0.115234 0.097656
15 0.929199 0.167969 0.083008 0.087891
15 0.640625 0.519043 0.160156 0.075195
15 0.555176 0.583008 0.131836 0.080078
15 0.103027 0.499023 0.065430 0.072266
