15 0.119629 0.272461 0.118164 0.109375
15 0.236328 0.298828 0.070312 0.093750
15 0.162109 0.213867 0.070312 0.050781
15 0.076172 0.177246 0.060547 0.053711
15 0.092773 0.367188 0.093750 0.052734
15 0.104004 0.333984 0.112305 0.062500
15 0.168457 0.393066 0.083008 0.084961
15 0.130371 0.479980 0.084961 0.065430
15 0.114746 0.436523 0.092773 0.058594
15 0.243652 0.416016 0.077148 0.099609
15 0.365234 0.255371 0.105469 0.120117
15 0.362793 0.481445 0.090820 0.083984
15 0.403320 0.704590 0.068359 0.057617
15 0.770996 0.618164 0.079102 0.103516
15 0.687500 0.896973 0.085938 0.071289
15 0.912598 0.509277 0.088867 0.100586
15 0.941406 0.437500 0.105469 0.087891
15 0.668945 0.494141 0.138672 0.083984
15 0.790527 0.530273 0.094727 0.080078
15 0.642578 0.395996 0.138672 0.106445
15 0.558594 0.305664 0.076172 0.099609
15 0.435547 0.133789 0.123047 0.091797
15 0.342773 0.050781 0.087891 0.099609
15 0.267090 0.067871 0.081055 0.086914
15 0.641602 0.033691 0.080078 0.065430
15 0.720703 0.066895 0.107422 0.114258
15 0.807129 0.060059 0.108398 0.083008
15 0.704590 0.197754 0.106445 0.086914
15 0.760742 0.238770 0.111328 0.077148
15 0.750977 0.313477 0.208984 0.097656
15 0.906250 0.065918 0.066406 0.065430
